[gd_scene load_steps=11 format=3 uid="uid://cds2jtsoeaiuf"]

[ext_resource type="Script" uid="uid://ddxkxj6ikjo8p" path="res://levels/GameManager.gd" id="1_qyb5k"]
[ext_resource type="PackedScene" uid="uid://1g3uswvc7gla" path="res://level_pieces/hoop.tscn" id="2_py88r"]
[ext_resource type="PackedScene" uid="uid://c7l0q1s6gpb" path="res://Ball.tscn" id="3_g1dg4"]

[sub_resource type="ProceduralSkyMaterial" id="ProceduralSkyMaterial_1ih6b"]
sky_horizon_color = Color(0.66224277, 0.6717428, 0.6867428, 1)
ground_horizon_color = Color(0.66224277, 0.6717428, 0.6867428, 1)

[sub_resource type="Sky" id="Sky_303b4"]
sky_material = SubResource("ProceduralSkyMaterial_1ih6b")

[sub_resource type="Environment" id="Environment_5j18n"]
background_mode = 1
sky = SubResource("Sky_303b4")
tonemap_mode = 2
glow_enabled = true

[sub_resource type="QuadMesh" id="QuadMesh_ogp8r"]
size = Vector2(30, 30)

[sub_resource type="StandardMaterial3D" id="StandardMaterial3D_7cdvc"]
albedo_color = Color(0, 0.4759097, 0.04607106, 1)

[sub_resource type="PhysicsMaterial" id="PhysicsMaterial_303b4"]
bounce = 0.7

[sub_resource type="ConcavePolygonShape3D" id="ConcavePolygonShape3D_1ih6b"]
data = PackedVector3Array(15, -15, 0, -15, -15, 0, 15, 15, 0, -15, -15, 0, -15, 15, 0, 15, 15, 0)

[node name="Level2" type="Node3D"]
script = ExtResource("1_qyb5k")

[node name="DirectionalLight3D" type="DirectionalLight3D" parent="."]
transform = Transform3D(-0.8660254, -0.43301278, 0.25, 0, 0.49999997, 0.86602545, -0.50000006, 0.75, -0.43301266, 0, 0, 0)
shadow_enabled = true

[node name="WorldEnvironment" type="WorldEnvironment" parent="."]
environment = SubResource("Environment_5j18n")

[node name="Floor" type="MeshInstance3D" parent="."]
transform = Transform3D(1, 0, 0, 0, -4.371139e-08, 1, 0, -1, -4.371139e-08, 0, 0, 0)
mesh = SubResource("QuadMesh_ogp8r")
surface_material_override/0 = SubResource("StandardMaterial3D_7cdvc")

[node name="StaticBody3D" type="StaticBody3D" parent="Floor"]
physics_material_override = SubResource("PhysicsMaterial_303b4")

[node name="CollisionShape3D" type="CollisionShape3D" parent="Floor/StaticBody3D"]
shape = SubResource("ConcavePolygonShape3D_1ih6b")

[node name="Hoop4" parent="." instance=ExtResource("2_py88r")]
transform = Transform3D(2.8857993e-08, -0.24973787, 0.9683136, 7.4427686e-09, 0.9683136, 0.24973787, -1, 0, 2.9802322e-08, -2.9, 3.9, 0)

[node name="Hoop5" parent="." instance=ExtResource("2_py88r")]
transform = Transform3D(2.8786832e-08, -0.25881904, 0.9659258, 7.713409e-09, 0.9659258, 0.25881904, -1, 0, 2.9802322e-08, -3.9, 3, 0)

[node name="Hoop6" parent="." instance=ExtResource("2_py88r")]
transform = Transform3D(2.8786832e-08, -0.25881904, 0.9659258, 7.713409e-09, 0.9659258, 0.25881904, -1, 0, 2.9802322e-08, -1.9000001, 5.1, 0)

[node name="Ball" parent="." instance=ExtResource("3_g1dg4")]
transform = Transform3D(1, 0, 0, 0, 1, 0, 0, 0, 1, -8.0556555, 0.050000004, 0.08708856)
